0.154792 0.0169531 9.9982E-05 0.0183724 9.9982E-05 0.0920041 0.0211133 0.696565
0.0722644 0.00936642 0.0496706 9.9982E-05 0.0458506 0.256952 9.9982E-05 0.565696
0.00409994 0.0811538 9.99731E-05 9.99731E-05 0.0729819 0.217562 9.99731E-05 0.623903
0.0288861 0.0248227 9.9964E-05 0.878717 9.9964E-05 9.9964E-05 0.0671739 9.9964E-05
0.0819215 0.141646 0.0100769 9.9982E-05 9.9982E-05 0.210562 0.0251725 0.530421
0.0534506 0.10412 9.9982E-05 9.9982E-05 0.0771025 0.109266 0.0246592 0.631201
0.0966174 0.0206144 0.0708787 0.0175564 9.99821E-05 0.180826 9.99821E-05 0.613308
9.99641E-05 0.0676362 0.0108993 9.99641E-05 9.99641E-05 0.146046 9.99641E-05 0.775019
0.166469 9.9973E-05 9.9973E-05 0.0102521 0.0247923 0.185505 9.9973E-05 0.612683
0.16162 0.155174 0.000318575 0.0192209 9.9982E-05 0.17711 9.9982E-05 0.486357
0.0621794 0.123575 0.0468133 0.0125545 0.08492 0.193562 0.0157544 0.460642
0.0542715 0.00753011 0.0291336 9.99821E-05 0.00633826 0.241284 9.99821E-05 0.661243
9.99821E-05 0.0131679 0.0212644 9.99821E-05 0.0680802 0.259103 0.0120749 0.62611
0.167354 9.9982E-05 0.0389431 9.9982E-05 0.0831103 0.0616428 0.0004489 0.648301
0.193861 0.0989093 9.99731E-05 9.99731E-05 9.99731E-05 0.126359 0.00833302 0.572238
0.121969 0.0817349 9.9982E-05 0.0160983 0.0172102 0.340626 9.9982E-05 0.422161
0.175387 9.9982E-05 0.0362107 0.0133783 0.0251773 0.096032 9.9982E-05 0.653615
0.0805425 0.0931421 0.0255879 9.9991E-05 0.0320416 0.132472 0.0169427 0.619171
0.0557486 0.0760392 9.9991E-05 0.0184579 0.0553532 0.222417 0.0241089 0.547775
0.0977427 0.0548385 0.00617358 9.99731E-05 9.99731E-05 0.133362 9.99731E-05 0.707584
0.00299902 0.0228 0.0057185 9.9982E-05 0.0907475 0.306641 9.9982E-05 0.570894
0.0360156 0.0345734 9.9982E-05 0.0430887 0.0493336 0.0900493 9.9982E-05 0.74674
0.0583105 0.0558073 9.9982E-05 9.9982E-05 0.0655872 0.110065 0.000315296 0.709715
0.0883899 0.0458117 9.9982E-05 0.0605438 9.9982E-05 0.063212 0.0572571 0.684585
0.0384518 0.0124939 9.9991E-05 0.0572798 0.0294453 0.118206 0.0436703 0.700353
0.00775298 0.0889977 9.9982E-05 9.9982E-05 0.0805849 0.162644 0.00799811 0.651822
0.0425046 0.021217 0.0238406 9.9991E-05 0.0347313 0.263417 0.0140787 0.60011
0.0728955 0.0144515 9.9991E-05 0.0264278 0.0246701 0.102327 0.0280901 0.731038
0.150289 0.0845112 0.00790195 0.0349199 9.9991E-05 0.0525977 0.0104356 0.659244
0.0883022 0.0300001 0.0100462 9.99731E-05 9.99731E-05 0.15063 9.99731E-05 0.720721
0.0227602 0.0298579 9.99731E-05 9.99731E-05 0.148692 0.126525 9.99731E-05 0.671865
0.170151 0.0206137 9.9991E-05 0.00453294 0.00136622 0.110142 0.0147859 0.678309
0.056689 0.0484502 9.99731E-05 9.99731E-05 0.02084 0.103382 9.99731E-05 0.770339
0.125526 0.0269036 9.99821E-05 0.0250539 9.99821E-05 0.219162 0.0334898 0.569665
0.139709 0.00713376 9.9982E-05 9.9982E-05 0.0189464 0.157249 0.0093581 0.667404
0.0658539 9.99641E-05 9.99641E-05 9.99641E-05 0.090412 0.244358 9.99641E-05 0.598977
9.99731E-05 0.106767 9.99731E-05 9.99731E-05 0.0685834 0.131358 0.00166291 0.691329
0.0707672 0.104845 0.0360489 9.9991E-05 0.0887426 0.0119005 0.0194816 0.668114
0.0505567 0.0203193 0.0748732 9.9991E-05 0.0568595 0.133554 0.0380262 0.625711
0.0853899 0.108096 9.9991E-05 0.0295937 0.00725653 0.0552227 0.0304175 0.683924
0.0337743 0.185232 9.9982E-05 9.9982E-05 0.0736174 0.141557 0.0212876 0.544331
0.0700936 0.16449 0.0151712 9.9991E-05 0.0182716 0.0123496 0.0526459 0.666878
0.0239393 0.0431734 0.0258708 9.9991E-05 0.0418754 0.0614133 0.00219952 0.801428
0.0335172 9.99731E-05 0.0596438 9.99731E-05 0.0895544 0.215475 9.99731E-05 0.60151
9.9973E-05 9.9973E-05 9.9973E-05 0.0608403 0.0956273 0.16062 0.0194878 0.663125
0.104463 0.136946 9.9982E-05 9.9982E-05 0.0155794 0.127809 0.0230016 0.592
0.153505 0.0392729 0.00889581 9.99821E-05 9.99821E-05 0.273395 0.0231263 0.501605
0.107594 0.0290166 9.9991E-05 0.00165568 0.100491 0.0748638 0.0290272 0.657252
0.128598 0.0860668 9.9982E-05 9.9982E-05 0.0509471 0.146742 0.00251482 0.584931
0.0626575 9.9982E-05 9.9982E-05 0.0178038 0.0203396 0.212673 0.0189577 0.667369
0.0696967 0.0320911 0.00724567 9.9982E-05 9.9982E-05 0.217692 0.00390717 0.669167
0.0641239 0.102359 9.9982E-05 0.0453035 0.0543699 0.177545 9.9982E-05 0.556099
9.99731E-05 9.99731E-05 0.0203644 0.0117999 0.126018 0.149909 9.99731E-05 0.691608
0.0293652 0.0682068 0.00239146 0.0515077 0.0729795 0.0756906 0.0213188 0.67854
0.154186 0.137013 9.99821E-05 9.99821E-05 0.00702509 0.226404 0.00631793 0.468854
9.9973E-05 9.9973E-05 0.048177 0.0248085 0.168864 0.143105 9.9973E-05 0.614745
0.0986089 9.9982E-05 0.00186605 9.9982E-05 0.0117608 0.183438 0.0265636 0.677563
0.00753624 9.9973E-05 0.0266408 9.9973E-05 0.106604 0.259585 9.9973E-05 0.599334
0.07658 0.0025699 0.0307099 9.9982E-05 0.102079 0.0923991 9.9982E-05 0.695462
9.99821E-05 0.0168042 9.99821E-05 0.000786145 0.118747 0.197492 0.00602469 0.659946
0.0610476 0.0941603 0.0119589 0.0149881 0.0797023 0.0915222 0.0412595 0.605361
0.0881892 0.146047 0.00573221 9.9982E-05 0.0549107 0.160925 9.9982E-05 0.543996
0.134806 0.0116842 0.0228041 9.9982E-05 0.0691576 0.166456 9.9982E-05 0.594892
0.0604486 0.0196896 9.9982E-05 9.9982E-05 0.0431931 0.25666 0.0178663 0.601942
0.138936 0.140685 9.9973E-05 9.9973E-05 9.9973E-05 0.0869291 0.0493394 0.583811
0.022251 0.101182 0.0625359 9.9982E-05 0.0681491 0.179634 9.9982E-05 0.566048
0.0871193 0.0720667 0.00141438 9.9991E-05 0.00265106 0.263474 0.034777 0.538397
0.0400562 9.99731E-05 0.0463469 9.99731E-05 0.00998018 0.132843 9.99731E-05 0.770474
0.0427589 9.99731E-05 0.0190056 9.99731E-05 9.99731E-05 0.214336 0.0146737 0.708926
9.9982E-05 0.0895494 0.0247524 9.9982E-05 0.0581911 0.215596 0.0168562 0.594855
0.0611562 9.9982E-05 9.9982E-05 0.0387582 0.0322547 0.308844 0.021372 0.537415
0.0944994 0.1216 0.0111929 9.9982E-05 9.9982E-05 0.239107 0.0440003 0.4894
9.9964E-05 9.9964E-05 9.9964E-05 9.9964E-05 0.0605373 0.337438 0.0334908 0.568134
0.092664 0.0620574 9.99641E-05 9.99641E-05 9.99641E-05 0.290178 9.99641E-05 0.554701
0.067027 0.0565638 0.0633279 9.9982E-05 9.9982E-05 0.230786 0.0430446 0.539051
0.135646 0.040308 9.99821E-05 9.99821E-05 0.000943429 0.213915 0.0137636 0.595224
0.0564725 0.0647704 0.0703285 9.9991E-05 0.0867687 0.151967 0.00469064 0.564902
0.120114 0.0224544 9.9982E-05 0.0430683 9.9982E-05 0.148833 0.0163249 0.649005
0.0301137 0.0931458 9.9982E-05 9.9982E-05 0.0559611 0.133861 0.0512031 0.635515
9.9973E-05 0.0855103 9.9973E-05 9.9973E-05 0.120061 0.184246 0.0495188 0.560365
0.174923 0.0578597 0.0544634 9.9991E-05 0.0252376 0.140881 0.00845883 0.538077
0.0530949 9.9982E-05 0.012703 9.9982E-05 0.113654 0.26249 0.0388349 0.519023
0.0388583 0.0422502 0.0193618 9.9991E-05 0.0434842 0.228558 0.00790756 0.61948
9.99641E-05 9.99641E-05 9.99641E-05 9.99641E-05 0.0777624 0.339111 0.0147532 0.567974
0.17929 0.0866755 0.0157372 9.99821E-05 9.99821E-05 0.105154 0.0622591 0.550683
0.691563 9.99641E-05 9.99641E-05 0.0224638 0.278771 0.00680226 9.99641E-05 9.99641E-05
0.484561 9.99641E-05 9.99641E-05 0.0111871 0.498438 9.99641E-05 0.00541409 9.99641E-05
0.741598 9.99641E-05 0.0434673 9.99641E-05 0.168809 9.99641E-05 0.0457255 9.99641E-05
0.586174 9.99551E-05 0.0447398 9.99551E-05 0.368586 9.99551E-05 9.99551E-05 9.99551E-05
0.645122 9.99731E-05 0.0547717 0.0544986 0.206782 9.99731E-05 0.0385264 9.99731E-05
0.608988 9.99551E-05 9.99551E-05 0.0186382 0.371874 9.99551E-05 9.99551E-05 9.99551E-05
0.803499 9.99731E-05 0.040939 0.00160776 0.153319 9.99731E-05 0.000335283 9.99731E-05
0.701934 9.9973E-05 0.0214106 0.0281861 0.244634 0.00353489 9.9973E-05 9.9973E-05
0.730105 9.99641E-05 0.00372778 0.0584662 0.207301 9.99641E-05 9.99641E-05 9.99641E-05
0.00408063 9.99731E-05 0.71596 0.228263 0.0278664 9.99731E-05 0.0235299 9.99731E-05
9.9964E-05 9.9964E-05 0.728702 0.207396 0.012086 9.9964E-05 9.9964E-05 0.0514159
0.014285 0.0223567 0.912666 0.0502928 9.99641E-05 9.99641E-05 9.99641E-05 9.99641E-05
9.99641E-05 0.00594312 0.886052 0.0968319 9.99641E-05 9.99641E-05 9.99641E-05 0.0107729
9.9964E-05 9.9964E-05 0.835246 0.116511 9.9964E-05 0.0182045 9.9964E-05 0.0296387
0.014584 9.99641E-05 0.773487 0.200293 9.99641E-05 9.99641E-05 0.0112362 9.99641E-05
0.0286466 9.9973E-05 0.89315 0.031769 0.0303094 9.9973E-05 0.0158255 9.9973E-05
0.510539 9.9973E-05 0.0691916 0.0183027 0.397135 9.9973E-05 0.0045312 9.9973E-05
0.58861 9.99641E-05 0.0246878 9.99641E-05 0.359703 0.0265995 9.99641E-05 9.99641E-05
0.495572 9.9982E-05 0.0440639 0.00734053 0.396053 0.020998 0.0357717 9.9982E-05
0.481417 0.0338953 0.0392465 9.9982E-05 0.387557 0.0426649 0.0150194 9.9982E-05
0.555832 9.99731E-05 0.18785 9.99731E-05 0.210717 0.0424181 0.00288305 9.99731E-05
0.720851 9.99641E-05 9.99641E-05 0.0168795 0.245563 9.99641E-05 0.0163069 9.99641E-05
0.454158 0.0417637 9.9982E-05 0.0321956 0.438656 0.00237892 0.0306475 9.9982E-05
0.547465 9.9964E-05 9.9964E-05 0.0144845 0.417712 9.9964E-05 0.0199393 9.9964E-05
0.44151 0.00722661 0.000167321 9.9982E-05 0.507503 9.9982E-05 0.0346181 0.0087753
0.479473 9.99551E-05 9.99551E-05 9.99551E-05 0.496603 9.99551E-05 9.99551E-05 0.0234242
0.461793 9.99552E-05 0.0373015 9.99552E-05 0.500406 9.99552E-05 9.99552E-05 9.99552E-05
0.36333 9.9982E-05 0.0267696 0.00712939 0.57226 0.0271459 0.00316531 9.9982E-05
0.399275 9.9982E-05 0.0825106 9.9982E-05 0.486988 0.00601125 0.00859568 0.0164204
0.394862 9.99551E-05 9.99551E-05 9.99551E-05 0.565511 0.0391274 9.99551E-05 9.99551E-05
0.474461 9.99551E-05 9.99551E-05 9.99551E-05 0.50754 0.0174994 9.99551E-05 9.99551E-05
0.435703 9.99461E-05 9.99461E-05 9.99461E-05 0.563698 9.99461E-05 9.99461E-05 9.99461E-05
0.326932 9.99551E-05 9.99551E-05 9.99551E-05 0.630174 0.0423944 9.99551E-05 9.99551E-05
0.437883 9.9973E-05 0.0562497 9.9973E-05 0.446816 0.0381516 0.0205997 9.9973E-05
0.707037 0.0367675 0.00023747 0.0429992 0.0981963 9.9991E-05 0.0301152 0.0845477
0.804505 9.9964E-05 9.9964E-05 9.9964E-05 0.140331 0.00744706 0.0473169 9.9964E-05
0.761483 9.9964E-05 0.00297378 9.9964E-05 0.0711316 9.9964E-05 9.9964E-05 0.164012
0.768127 9.9964E-05 9.9964E-05 0.0158709 0.146248 9.9964E-05 9.9964E-05 0.0693542
0.658328 9.9964E-05 9.9964E-05 9.9964E-05 0.218403 0.0635388 0.0593298 9.9964E-05
9.9973E-05 9.9973E-05 0.567367 0.292325 0.0358381 9.9973E-05 0.057768 0.0464026
9.99551E-05 9.99551E-05 0.830683 0.166054 0.00276359 9.99551E-05 9.99551E-05 9.99551E-05
9.9991E-05 0.0643075 0.838095 0.000150592 0.0220846 0.00757856 0.012902 0.0547813
9.9973E-05 9.9973E-05 0.803165 0.122832 0.000612675 0.0721405 0.000949694 9.9973E-05
9.99551E-05 0.924332 9.99551E-05 0.0408461 0.0343219 9.99551E-05 9.99551E-05 9.99551E-05
9.9964E-05 0.905023 9.9964E-05 0.0452515 0.00990521 9.9964E-05 0.0394203 9.9964E-05
0.00865802 0.84731 0.0366842 9.9982E-05 0.01507 0.0135241 0.0785534 9.9982E-05
9.99641E-05 0.934865 9.99641E-05 0.0269495 0.03421 9.99641E-05 0.00357608 9.99641E-05
9.99641E-05 0.94333 9.99641E-05 0.0272326 0.00288965 9.99641E-05 0.0261475 9.99641E-05
9.99551E-05 0.968162 0.0232354 9.99551E-05 9.99551E-05 9.99551E-05 0.00810308 9.99551E-05
0.0234757 0.930436 0.0109524 0.0163706 9.9982E-05 0.0107961 0.0077698 9.9982E-05
0.0340979 0.934491 0.0175371 0.0108203 0.00275342 9.99731E-05 9.99731E-05 9.99731E-05
9.99463E-05 0.978931 9.99463E-05 9.99463E-05 9.99463E-05 9.99463E-05 0.0204694 9.99463E-05
9.9973E-05 0.894291 9.9973E-05 0.0127907 0.026891 0.0538927 0.0118344 9.9973E-05
9.99462E-05 0.990057 9.99462E-05 9.99462E-05 9.99462E-05 9.99462E-05 9.99462E-05 0.00934326
0.0122809 0.839538 0.0504353 0.0248022 0.0303138 0.021925 0.0206044 9.9991E-05
0.0244421 0.909997 9.99641E-05 9.99641E-05 9.99641E-05 9.99641E-05 0.0297493 0.035412
0.0340586 0.913979 0.00889597 9.99641E-05 9.99641E-05 9.99641E-05 0.0426662 9.99641E-05
9.99731E-05 0.892704 9.99731E-05 0.00611669 0.0426162 0.0287458 0.0295176 9.99731E-05
9.99461E-05 0.927551 9.99461E-05 9.99461E-05 9.99461E-05 9.99461E-05 9.99461E-05 0.0718489
9.99461E-05 0.979386 9.99461E-05 9.99461E-05 9.99461E-05 9.99461E-05 9.99461E-05 0.0200142
9.99461E-05 0.776264 9.99461E-05 9.99461E-05 9.99461E-05 9.99461E-05 9.99461E-05 0.223136
9.99461E-05 0.910689 9.99461E-05 9.99461E-05 9.99461E-05 9.99461E-05 9.99461E-05 0.0887111
9.99461E-05 0.970381 9.99461E-05 9.99461E-05 9.99461E-05 9.99461E-05 9.99461E-05 0.029019
0.0131596 0.929128 0.00259097 0.0116353 0.0132496 9.9982E-05 0.0300363 9.9982E-05
9.994E-05 0.9993 9.994E-05 9.994E-05 9.994E-05 9.994E-05 9.994E-05 9.994E-05
9.99461E-05 0.960344 9.99461E-05 9.99461E-05 9.99461E-05 9.99461E-05 9.99461E-05 0.0390565
9.99461E-05 0.954873 9.99461E-05 9.99461E-05 9.99461E-05 9.99461E-05 9.99461E-05 0.0445277
9.99639E-05 0.862418 9.99639E-05 0.013466 0.0526879 9.99639E-05 9.99639E-05 0.0710282
9.9946E-05 0.944267 9.9946E-05 9.9946E-05 9.9946E-05 9.9946E-05 9.9946E-05 0.0551332
9.99641E-05 0.869007 0.024663 9.99641E-05 9.99641E-05 9.99641E-05 0.0409457 0.0649845
9.99553E-05 0.639721 0.146804 9.99553E-05 9.99553E-05 9.99553E-05 9.99553E-05 0.212975
9.9973E-05 0.888158 0.00618125 0.0270334 0.0739495 9.9973E-05 0.00437825 9.9973E-05
0.0195631 0.94596 0.0295912 0.00448565 9.9964E-05 9.9964E-05 9.9964E-05 9.9964E-05
0.0138753 0.915887 0.0215631 0.0175437 9.9973E-05 9.9973E-05 0.0308312 9.9973E-05
9.99641E-05 0.930176 9.99641E-05 0.00414453 9.99641E-05 9.99641E-05 0.0464719 0.0188074
9.9955E-05 0.874807 9.9955E-05 0.0571775 9.9955E-05 9.9955E-05 0.0675153 9.9955E-05
9.99731E-05 0.923061 0.00269791 9.99731E-05 9.99731E-05 0.0287944 0.0080263 0.0371203
9.9982E-05 0.802617 9.9982E-05 0.00597688 0.0106054 0.133299 0.0162396 0.0310623
9.99551E-05 0.962397 0.00169874 9.99551E-05 0.0354043 9.99551E-05 9.99551E-05 9.99551E-05
9.99461E-05 0.955687 9.99461E-05 0.0437132 9.99461E-05 9.99461E-05 9.99461E-05 9.99461E-05
0.00109628 0.985505 0.0128985 9.9955E-05 9.9955E-05 9.9955E-05 9.9955E-05 9.9955E-05
0.0225383 0.873323 9.9982E-05 0.0283653 0.0389378 0.0237768 0.0128584 9.9982E-05
9.9973E-05 0.912969 9.9973E-05 0.0083418 0.0504344 0.00152449 0.02643 9.9973E-05
9.9955E-05 0.925239 9.9955E-05 9.9955E-05 9.9955E-05 9.9955E-05 0.0344596 0.0398016
0.0464577 0.896387 9.9982E-05 0.0161268 9.9982E-05 0.0141265 0.00370901 0.022993
9.99461E-05 0.936602 9.99461E-05 9.99461E-05 9.99461E-05 9.99461E-05 0.0627982 9.99461E-05
0.0529219 0.895577 9.9973E-05 0.02139 0.010248 9.9973E-05 0.019563 9.9973E-05
9.99551E-05 0.919352 0.0298208 9.99551E-05 9.99551E-05 9.99551E-05 0.0503273 9.99551E-05
9.99641E-05 0.955662 9.99641E-05 9.99641E-05 0.0331833 9.99641E-05 0.000529128 0.0102256
0.0345005 0.927777 9.99552E-05 9.99552E-05 0.0372224 9.99552E-05 9.99552E-05 9.99552E-05
9.9973E-05 0.873741 9.9973E-05 0.0318694 0.0520538 9.9973E-05 0.00814552 0.0338907
9.9991E-05 0.79668 0.0119634 0.00497554 0.0117732 0.0789903 0.029535 0.0659825
9.9973E-05 0.885911 9.9973E-05 0.00118553 0.0161394 9.9973E-05 0.0047337 0.0917301
9.9964E-05 0.893114 9.9964E-05 0.0211479 0.0577992 9.9964E-05 9.9964E-05 0.0275392
0.000295329 0.913444 9.9973E-05 0.0347294 0.0447179 9.9973E-05 9.9973E-05 0.00651351
0.0756984 0.899369 9.9973E-05 9.9973E-05 0.0142257 0.00854483 0.00186175 9.9973E-05
0.00612297 0.937581 9.99641E-05 9.99641E-05 0.0226045 9.99641E-05 9.99641E-05 0.0332915
9.994E-05 0.9993 9.994E-05 9.994E-05 9.994E-05 9.994E-05 9.994E-05 9.994E-05
0.0262402 0.931369 9.99641E-05 0.0401593 9.99641E-05 9.99641E-05 0.00183131 9.99641E-05
0.0128316 0.897842 0.0144814 0.0417806 0.0194327 9.9982E-05 0.0134321 9.9982E-05
0.0847124 0.884827 0.0289571 0.00110407 9.99641E-05 9.99641E-05 9.99641E-05 9.99641E-05
9.99551E-05 0.95197 9.99551E-05 9.99551E-05 0.0400285 0.00750156 9.99551E-05 9.99551E-05
9.9973E-05 0.919857 9.9973E-05 9.9973E-05 0.0244955 0.0157219 0.0207003 0.0189254
9.9955E-05 0.931336 9.9955E-05 0.0342281 9.9955E-05 9.9955E-05 9.9955E-05 0.0339361
9.99551E-05 0.96518 9.99551E-05 0.0280754 9.99551E-05 9.99551E-05 0.00624529 9.99551E-05
9.9973E-05 0.911253 9.9973E-05 0.0247648 9.9973E-05 0.0104657 0.0439839 0.0092321
9.9973E-05 0.953318 9.9973E-05 0.00761943 0.00931217 0.0199589 9.9973E-05 0.00949186
9.99551E-05 0.952781 9.99551E-05 0.0256141 9.99551E-05 9.99551E-05 9.99551E-05 0.0211052
9.9964E-05 0.808715 9.9964E-05 9.9964E-05 0.0948168 0.0641448 9.9964E-05 0.0319241
9.99641E-05 0.899985 9.99641E-05 9.99641E-05 0.0203264 0.0514713 9.99641E-05 0.0278174
9.9982E-05 0.842224 9.9982E-05 0.0119938 0.0677747 0.0133708 0.00528169 0.0591545
9.9955E-05 0.910275 9.9955E-05 0.0223893 9.9955E-05 9.9955E-05 9.9955E-05 0.0668357
9.99461E-05 0.947858 9.99461E-05 9.99461E-05 9.99461E-05 9.99461E-05 9.99461E-05 0.0515419
9.9973E-05 0.885295 0.00942589 0.0316664 0.0405725 0.0327399 9.9973E-05 9.9973E-05
9.99641E-05 0.905465 9.99641E-05 9.99641E-05 0.026106 0.059824 0.00820528 9.99641E-05
9.99551E-05 0.907457 0.0483537 9.99551E-05 9.99551E-05 9.99551E-05 0.0436891 9.99551E-05
9.99461E-05 0.979391 9.99461E-05 9.99461E-05 9.99461E-05 9.99461E-05 0.0200092 9.99461E-05
9.9982E-05 0.901583 9.9982E-05 0.0215562 0.00997837 0.0321307 0.00938329 0.025169
9.9982E-05 0.891104 9.9982E-05 0.0263925 0.0339185 0.0188888 0.0118779 0.0176181
9.99731E-05 0.897932 9.99731E-05 9.99731E-05 0.0466253 0.00697672 0.00181132 0.046355
0.0419833 0.914205 9.99641E-05 9.99641E-05 9.99641E-05 9.99641E-05 0.0112087 0.0322033
9.99641E-05 0.958527 9.99641E-05 9.99641E-05 0.00701587 0.0019098 0.0321476 9.99641E-05
9.9964E-05 0.871542 0.0233559 0.0122879 9.9964E-05 9.9964E-05 9.9964E-05 0.0924147
0.0337213 0.915395 9.99641E-05 9.99641E-05 0.0287678 9.99641E-05 9.99641E-05 0.0217155
0.020833 0.971051 9.99552E-05 9.99552E-05 9.99552E-05 0.00761635 9.99552E-05 9.99552E-05
0.0124715 0.924387 9.99641E-05 9.99641E-05 9.99641E-05 0.00546982 0.0572721 9.99641E-05
0.0434251 0.920484 0.0170809 9.99641E-05 9.99641E-05 9.99641E-05 0.0186103 9.99641E-05
0.0958938 0.83577 9.99551E-05 9.99551E-05 9.99551E-05 9.99551E-05 0.0678369 9.99551E-05
9.99552E-05 0.941211 9.99552E-05 9.99552E-05 9.99552E-05 0.0208172 0.0374716 9.99552E-05
0.0163747 0.964755 9.99552E-05 9.99552E-05 9.99552E-05 9.99552E-05 0.0183704 9.99552E-05
0.018076 0.981324 9.99462E-05 9.99462E-05 9.99462E-05 9.99462E-05 9.99462E-05 9.99462E-05
9.9955E-05 0.910447 9.9955E-05 0.0308871 9.9955E-05 0.0581659 9.9955E-05 9.9955E-05
0.0225052 0.976895 9.99462E-05 9.99462E-05 9.99462E-05 9.99462E-05 9.99462E-05 9.99462E-05
0.0398687 0.912777 0.0141581 0.00591484 9.9982E-05 0.018152 0.00892982 9.9982E-05
0.0681549 0.916011 9.99551E-05 9.99551E-05 9.99551E-05 9.99551E-05 0.0153343 9.99551E-05
9.99551E-05 0.920084 0.0339464 9.99551E-05 9.99551E-05 0.0454697 9.99551E-05 9.99551E-05
9.9973E-05 0.870442 9.9973E-05 0.0379793 0.0533392 0.0204322 0.0175072 9.9973E-05
9.9982E-05 0.907225 0.0193339 9.9982E-05 0.00253324 0.0562321 0.0066148 0.00786107
9.9964E-05 0.865638 9.9964E-05 9.9964E-05 0.0454724 0.0140843 9.9964E-05 0.0744054
9.99639E-05 0.843999 9.99639E-05 0.0446804 0.0617117 0.0492091 9.99639E-05 9.99639E-05
9.99551E-05 0.94273 9.99551E-05 9.99551E-05 9.99551E-05 0.01675 9.99551E-05 0.0400198
9.99551E-05 0.980318 9.99551E-05 0.0168864 9.99551E-05 9.99551E-05 9.99551E-05 0.00229624
9.99641E-05 0.948479 9.99641E-05 0.0140531 0.026613 9.99641E-05 0.0104553 9.99641E-05
9.9982E-05 0.863398 9.9982E-05 0.0350966 0.00291679 0.0336091 0.00886106 0.0559186
9.99551E-05 0.910362 9.99551E-05 9.99551E-05 0.0112613 9.99551E-05 9.99551E-05 0.0778765
9.9955E-05 0.923594 9.9955E-05 0.00752291 9.9955E-05 9.9955E-05 9.9955E-05 0.0683836
9.9973E-05 0.891824 9.9973E-05 0.0223643 0.0153601 9.9973E-05 0.0324193 0.0377324
9.99551E-05 0.914885 9.99551E-05 9.99551E-05 0.0524226 0.0321923 9.99551E-05 9.99551E-05
9.9973E-05 0.869513 0.0358226 9.9973E-05 0.023892 0.0306141 0.0398586 9.9973E-05
9.9955E-05 0.858353 9.9955E-05 0.0852135 0.0559337 9.9955E-05 9.9955E-05 9.9955E-05
9.99551E-05 0.928411 9.99551E-05 9.99551E-05 9.99551E-05 9.99551E-05 0.0351351 0.0359539
9.99461E-05 0.873759 9.99461E-05 9.99461E-05 9.99461E-05 9.99461E-05 9.99461E-05 0.125641
9.99731E-05 0.963615 0.000910533 9.99731E-05 0.000283977 9.99731E-05 0.0310488 0.00384195
9.9964E-05 0.902648 9.9964E-05 0.0172679 0.0395881 9.9964E-05 0.0400958 9.9964E-05
0.0213298 0.940929 0.00600609 9.99731E-05 0.00404446 9.99731E-05 9.99731E-05 0.0273903
0.049184 0.90224 9.9964E-05 0.0297025 9.9964E-05 9.9964E-05 9.9964E-05 0.0184735
9.99552E-05 0.705339 9.99552E-05 9.99552E-05 9.99552E-05 9.99552E-05 0.110758 0.183403
0.0307466 0.930726 9.99641E-05 0.0153103 9.99641E-05 9.99641E-05 0.0228175 9.99641E-05
9.99461E-05 0.94057 9.99461E-05 9.99461E-05 9.99461E-05 9.99461E-05 0.0588303 9.99461E-05
0.00551007 0.872047 9.9973E-05 0.0143748 9.9973E-05 0.0976629 0.0101051 9.9973E-05
9.9955E-05 0.897208 9.9955E-05 0.0735089 9.9955E-05 9.9955E-05 0.028783 9.9955E-05
0.0454236 0.875852 9.9964E-05 0.0379927 9.9964E-05 9.9964E-05 0.040332 9.9964E-05
0.00438479 0.939845 9.9973E-05 9.9973E-05 0.00600886 0.019866 0.0295955 9.9973E-05
9.9964E-05 0.905431 0.0280444 9.9964E-05 0.0325087 0.0336162 9.9964E-05 9.9964E-05
9.9973E-05 0.802463 9.9973E-05 0.0844178 0.0178817 0.069282 0.0256556 9.9973E-05
9.9964E-05 0.901071 9.9964E-05 0.047127 0.0500015 9.9964E-05 0.00140083 9.9964E-05
9.9955E-05 0.926716 9.9955E-05 9.9955E-05 0.0105238 9.9955E-05 9.9955E-05 0.0622607
9.9973E-05 0.926747 9.9973E-05 0.0169928 0.000306183 0.031873 9.9973E-05 0.0237807
9.9973E-05 0.861141 0.0698923 0.00948296 9.9973E-05 0.0216565 0.0375272 9.9973E-05
9.9973E-05 0.886832 9.9973E-05 0.0425946 0.00794653 9.9973E-05 0.0342392 0.0280879
9.9973E-05 0.858152 9.9973E-05 0.0334452 0.0405116 9.9973E-05 0.0203389 0.0472527
0.0324406 0.96696 9.99461E-05 9.99461E-05 9.99461E-05 9.99461E-05 9.99461E-05 9.99461E-05
0.0512481 0.890513 9.99641E-05 0.0252511 9.99641E-05 9.99641E-05 0.032588 9.99641E-05
9.99462E-05 0.939989 9.99462E-05 9.99462E-05 9.99462E-05 9.99462E-05 0.0594111 9.99462E-05
0.0105953 0.917465 9.99731E-05 0.00604569 9.99731E-05 0.0623412 0.00325261 9.99731E-05
0.0791392 0.918741 9.99551E-05 9.99551E-05 9.99551E-05 9.99551E-05 0.00161989 9.99551E-05
0.00741022 0.971236 0.000241692 9.99641E-05 9.99641E-05 0.020712 9.99641E-05 9.99641E-05
0.000297591 0.909101 0.0059614 9.99641E-05 9.99641E-05 0.08424 9.99641E-05 9.99641E-05
9.99462E-05 0.978755 9.99462E-05 0.0206453 9.99462E-05 9.99462E-05 9.99462E-05 9.99462E-05
0.0112428 0.980585 9.99552E-05 0.00767257 9.99552E-05 9.99552E-05 9.99552E-05 9.99552E-05
0.0369121 0.962488 9.99462E-05 9.99462E-05 9.99462E-05 9.99462E-05 9.99462E-05 9.99462E-05
9.99462E-05 0.988312 0.0110884 9.99462E-05 9.99462E-05 9.99462E-05 9.99462E-05 9.99462E-05
0.0374103 0.873817 9.99731E-05 0.0312734 9.99731E-05 0.056889 0.000310298 9.99731E-05
0.00877192 0.948209 9.99641E-05 0.0252501 9.99641E-05 9.99641E-05 0.0173694 9.99641E-05
0.0763082 0.909298 0.00151778 9.99641E-05 9.99641E-05 9.99641E-05 0.0124758 9.99641E-05
0.0323064 0.944291 9.99552E-05 9.99552E-05 9.99552E-05 9.99552E-05 0.0229032 9.99552E-05
0.00514864 0.948025 9.99731E-05 0.0245169 0.0180663 9.99731E-05 0.00394289 9.99731E-05
0.00962991 0.911771 9.99641E-05 0.0575699 9.99641E-05 9.99641E-05 0.0206298 9.99641E-05
9.994E-05 0.9993 9.994E-05 9.994E-05 9.994E-05 9.994E-05 9.994E-05 9.994E-05
0.0733744 0.874905 0.00989853 0.0261975 9.99731E-05 9.99731E-05 0.0153247 9.99731E-05
0.0581508 0.811451 9.9982E-05 0.0387724 0.0160381 0.0215535 0.0538345 9.9982E-05
9.99641E-05 0.906203 9.99641E-05 0.0102727 9.99641E-05 9.99641E-05 0.0480192 0.0351052
9.99461E-05 0.858946 9.99461E-05 9.99461E-05 9.99461E-05 9.99461E-05 9.99461E-05 0.140454
0.0216848 0.918402 0.019849 9.99731E-05 0.00663617 9.99731E-05 0.0331284 9.99731E-05
9.99731E-05 0.904204 9.99731E-05 0.0489504 0.0139192 9.99731E-05 0.0249044 0.00772254
9.9964E-05 0.875004 9.9964E-05 0.0164908 9.9964E-05 0.0914639 0.0166416 9.9964E-05
9.99552E-05 0.96079 0.0121128 9.99552E-05 9.99552E-05 9.99552E-05 0.0265969 9.99552E-05
0.00150024 0.847008 9.9982E-05 0.00429507 0.106477 9.9982E-05 0.0237181 0.0168017
0.0172053 0.781292 9.9991E-05 0.046573 0.0460229 0.0457645 0.0427485 0.0202937
9.99641E-05 0.916276 0.0223513 0.0297247 9.99641E-05 9.99641E-05 9.99641E-05 0.0312483
9.99641E-05 0.942547 0.0066128 9.99641E-05 0.0151509 9.99641E-05 9.99641E-05 0.0352896
9.9991E-05 0.866381 0.0356937 0.00714201 0.0134871 0.0370168 0.0310051 0.00917415
9.99731E-05 0.942541 0.00458129 0.00316468 9.99731E-05 9.99731E-05 0.00775843 0.0416545
9.9964E-05 0.90614 9.9964E-05 0.0634644 0.00151259 9.9964E-05 0.0284832 9.9964E-05
9.99731E-05 0.945581 0.0201875 9.99731E-05 0.00236588 9.99731E-05 0.00932269 0.0222427
9.99551E-05 0.925704 0.00860538 9.99551E-05 9.99551E-05 9.99551E-05 9.99551E-05 0.0651907
9.9973E-05 0.914566 0.020747 9.9973E-05 0.0399243 0.0185842 0.00587874 9.9973E-05
9.9973E-05 0.86043 9.9973E-05 0.0388285 0.0371478 0.0300916 0.0332018 9.9973E-05
0.0124439 0.787291 9.9973E-05 0.0129691 9.9973E-05 9.9973E-05 0.0239733 0.163023
9.9973E-05 0.854115 0.050704 9.9973E-05 9.9973E-05 0.0282625 0.00583747 0.0607814
9.9964E-05 0.873128 9.9964E-05 0.0695364 9.9964E-05 0.0457999 0.0111362 9.9964E-05
9.9973E-05 0.797117 9.9973E-05 0.0680055 0.0511585 0.078907 0.00451222 9.9973E-05
0.0295507 0.827716 9.9973E-05 0.0838841 9.9973E-05 0.0382529 0.0202966 9.9973E-05
9.9973E-05 0.836542 9.9973E-05 0.0225279 0.0132331 0.0612757 0.0661214 9.9973E-05
0.00170329 0.898817 0.00954627 0.0305553 9.99821E-05 9.99821E-05 0.0304001 0.0287784
9.9991E-05 0.0539452 0.0216694 0.0283758 0.00041562 0.0745114 0.0449299 0.776053
9.9982E-05 0.134048 0.0469334 9.9982E-05 0.00114937 0.16224 0.032108 0.623321
0.0274993 0.150412 0.0238063 0.0059144 0.0372673 0.0781552 0.0729272 0.604018
0.0112669 0.0898565 9.9991E-05 0.0633484 0.101717 0.175177 0.00143745 0.557097
0.0159907 0.0733042 0.00860408 0.0559457 9.9991E-05 0.0899576 0.0478421 0.708256
0.0423835 0.0596509 9.9991E-05 0.0215558 0.0373926 0.291133 0.018916 0.528868
9.9991E-05 0.0607994 0.0809314 0.0167931 0.0475623 0.0883142 0.036187 0.669313
9.9982E-05 0.0959036 9.9982E-05 0.0579859 0.0272712 0.110012 0.0199853 0.688642
9.9982E-05 0.107761 9.9982E-05 0.0234455 0.0914071 0.0897445 0.0486692 0.638773
0.0346837 0.162622 9.9973E-05 9.9973E-05 9.9973E-05 0.00682215 0.0554861 0.740086
0.165068 0.168111 9.9982E-05 0.0150441 9.9982E-05 0.0227816 0.0170868 0.611709
0.0220374 0.0101688 9.9982E-05 0.0346455 0.0101688 9.9982E-05 0.0640246 0.858755
0.065795 0.0689554 0.0166587 0.00330789 0.0540548 0.105282 0.0354964 0.65045
9.9982E-05 0.0759311 9.9982E-05 0.0398314 0.0725004 0.0628068 0.0345978 0.714132
9.9982E-05 0.116248 0.0176829 9.9982E-05 0.0378115 0.107466 0.00442771 0.716164
9.9973E-05 0.0952296 0.06966 9.9973E-05 0.0588132 0.0932784 9.9973E-05 0.682719
0.0345772 0.0343004 0.0426089 0.0368679 9.9991E-05 0.155193 0.00563338 0.690719
0.0218468 0.0889094 9.99821E-05 0.0181422 0.0638285 0.221118 9.99821E-05 0.585955
9.9973E-05 0.168762 0.0676044 9.9973E-05 0.021492 9.9973E-05 0.018112 0.723729
9.9991E-05 0.113467 0.0431072 0.0369148 0.0566544 0.0674626 0.030902 0.651392
0.0830428 0.00310687 0.00154606 9.9973E-05 9.9973E-05 0.0362258 9.9973E-05 0.875779
9.99641E-05 0.0862443 9.99641E-05 9.99641E-05 9.99641E-05 0.118055 0.0291789 0.766122
9.9982E-05 0.0563844 0.0697676 0.00226857 9.9982E-05 0.00621511 0.0458052 0.819359
0.0202546 0.118016 9.9982E-05 0.0358774 0.0592705 0.125628 9.9982E-05 0.640753
0.0897513 0.150745 0.0260923 9.99821E-05 9.99821E-05 0.148315 0.0650947 0.519802
0.0514901 9.99821E-05 0.0275536 0.0404353 0.0899469 9.99821E-05 0.0688922 0.721482
0.0207378 0.158047 9.9991E-05 0.0197649 0.0313499 0.155095 0.0383724 0.576534
0.0910136 0.0550877 9.99731E-05 9.99731E-05 9.99731E-05 0.0761844 0.0899371 0.687477
0.0999115 0.0727819 0.0268491 0.0805141 0.027208 0.112935 0.0242052 0.555596
0.103037 0.091574 0.0241837 9.99821E-05 9.99821E-05 0.0554375 0.00383641 0.721732
0.0902314 0.0758915 0.029296 9.9982E-05 9.9982E-05 0.202227 0.0183396 0.583815
0.144977 0.0822477 0.00950707 0.0633443 9.9991E-05 0.218469 0.0115808 0.469775
9.9982E-05 0.0229213 9.9982E-05 0.0470894 0.0413289 0.132224 0.0120531 0.744183
9.9982E-05 0.0950341 9.9982E-05 0.0563425 0.000167053 0.265284 0.0867662 0.496206
0.0308662 0.0351648 0.0465077 0.0474495 0.0428465 0.092971 9.9991E-05 0.704094
0.0418076 0.0819518 9.9982E-05 0.0177362 9.9982E-05 0.132784 0.0305815 0.694939
9.9991E-05 0.060869 0.00854578 0.0485589 0.00435 0.160203 0.0391548 0.678219
0.0418265 0.0934282 0.0236767 0.0355656 0.0355834 0.150768 9.9991E-05 0.619052
0.0449833 0.114209 0.0284866 0.0429479 0.0635688 9.9991E-05 0.0242702 0.681434
0.0010132 0.142959 9.9991E-05 0.0707297 0.100095 0.10422 0.0182324 0.562651
9.9973E-05 0.183387 0.024065 9.9973E-05 9.9973E-05 0.0418023 0.0564349 0.69401
0.00499496 0.149982 0.0777566 9.9991E-05 0.108742 0.154208 0.00687367 0.497342
0.0649507 0.0463447 9.9991E-05 0.0357579 0.130472 0.0956358 0.000735619 0.626003
9.9964E-05 0.0851917 9.9964E-05 9.9964E-05 0.0475554 9.9964E-05 0.0188156 0.848038
0.0209365 0.0574005 9.9982E-05 0.0346394 0.0163799 0.146707 9.9982E-05 0.723737
9.9982E-05 0.0544967 0.0144077 9.9982E-05 0.0316593 0.132242 0.0438919 0.723102
9.9982E-05 0.140815 0.0300565 9.9982E-05 0.0821273 0.130891 0.0244306 0.59148
0.0664196 0.0421494 9.9982E-05 9.9982E-05 0.0512237 0.135894 0.00825669 0.695856
0.0989369 0.178272 9.9973E-05 9.9973E-05 0.0199781 9.9973E-05 0.0296472 0.672866
0.0364384 0.0659844 9.9991E-05 0.00225505 0.00582212 0.103603 0.0364833 0.749314
9.9973E-05 0.00168821 9.9973E-05 0.0543219 0.0439405 9.9973E-05 0.0150453 0.884704
0.0145883 0.0382485 0.0252413 9.9982E-05 0.0397869 0.199074 9.9982E-05 0.682861
0.0462467 0.075533 0.0136336 9.9982E-05 9.9982E-05 0.155805 0.0384919 0.67009
0.110411 0.119409 0.00880914 0.0713483 0.0199587 0.0869521 9.9991E-05 0.583012
0.0875696 0.0355373 9.9982E-05 0.0458902 9.9982E-05 0.083037 0.0472085 0.700558
0.0509038 0.154897 9.99821E-05 9.99821E-05 0.0240984 0.0448697 0.033278 0.691753
9.9982E-05 0.178725 9.9982E-05 0.00797578 0.0546267 0.18258 0.113876 0.462017
0.162267 0.0607609 0.0369729 0.02119 9.9991E-05 0.0911801 0.039887 0.587642
0.0639311 0.121726 9.9982E-05 0.0656111 0.0512758 9.9982E-05 0.0655284 0.631727
0.000516397 0.102224 9.9991E-05 0.0652072 0.0687437 0.0756694 0.0866275 0.600912
0.0751009 0.195634 9.9982E-05 0.0125563 9.9982E-05 0.0207949 0.098443 0.597271
0.100329 0.0775823 9.9991E-05 0.0474704 0.00160732 0.0782778 0.0619786 0.632655
0.0619363 0.150285 9.9991E-05 0.118988 0.0367996 0.0881423 0.0629848 0.480765
0.137151 0.197231 9.99731E-05 0.103004 9.99731E-05 0.0738889 9.99731E-05 0.488426
0.118399 0.196982 9.9973E-05 9.9973E-05 0.0167008 9.9973E-05 0.0536436 0.613975
0.133953 0.13482 9.99731E-05 0.0698537 9.99731E-05 9.99731E-05 0.0400515 0.621023
0.65051 9.9982E-05 0.00841708 0.0768151 0.197157 0.0383291 0.0285714 9.9982E-05
0.608884 0.00482273 9.9973E-05 0.0802458 0.299785 0.00596208 9.9973E-05 9.9973E-05
0.673168 0.0376043 9.9991E-05 0.000315317 0.199034 0.0703761 0.010728 0.00867453
0.718386 9.9964E-05 9.9964E-05 9.9964E-05 0.255038 0.0215004 9.9964E-05 0.00467622
0.562684 9.9955E-05 9.9955E-05 9.9955E-05 0.397143 0.0396733 9.9955E-05 9.9955E-05
0.579219 9.9982E-05 9.9982E-05 0.0340051 0.313972 0.0272205 0.0273116 0.0180721
0.593758 0.0640623 9.9964E-05 9.9964E-05 0.338549 0.00323042 9.9964E-05 9.9964E-05
0.707722 0.00753757 9.9982E-05 0.00210799 0.237467 9.9982E-05 0.0330826 0.0118821
0.686053 9.99552E-05 9.99552E-05 9.99552E-05 0.278334 0.0351132 9.99552E-05 9.99552E-05
0.536211 0.00157268 9.9991E-05 0.0203943 0.352702 0.0356004 0.0342287 0.019191
0.702819 9.99552E-05 9.99552E-05 0.00384518 0.292836 9.99552E-05 9.99552E-05 9.99552E-05
0.769925 9.99641E-05 9.99641E-05 0.016232 0.179176 9.99641E-05 0.034267 9.99641E-05
0.668477 0.0318311 9.9982E-05 0.00485444 0.246487 0.0466311 0.00151936 9.9982E-05
0.711796 9.99551E-05 9.99551E-05 9.99551E-05 0.283368 9.99551E-05 9.99551E-05 0.00433653
0.670525 9.99551E-05 9.99551E-05 9.99551E-05 0.323559 9.99551E-05 9.99551E-05 0.00541632
0.581727 9.99551E-05 9.99551E-05 9.99551E-05 0.367403 0.0503703 9.99551E-05 9.99551E-05
0.680263 0.0335477 9.99551E-05 9.99551E-05 0.285689 9.99551E-05 9.99551E-05 9.99551E-05
0.763499 0.141043 9.99552E-05 9.99552E-05 9.99552E-05 9.99552E-05 9.99552E-05 0.0949578
0.859426 9.9973E-05 9.9973E-05 9.9973E-05 0.0463026 0.04283 0.0154616 0.0356794
0.840284 0.0625115 9.9964E-05 0.0893839 0.00742111 9.9964E-05 9.9964E-05 9.9964E-05
0.862102 9.9973E-05 9.9973E-05 0.0118383 0.0373132 9.9973E-05 0.0367198 0.0517268
0.803559 9.99641E-05 0.037238 9.99641E-05 0.125338 9.99641E-05 0.0334652 9.99641E-05
0.847484 9.99551E-05 0.00910591 9.99551E-05 0.14291 9.99551E-05 9.99551E-05 9.99551E-05
0.871184 0.00114963 0.0365885 9.9982E-05 9.9982E-05 0.0171042 0.0406438 0.0331297
0.704721 0.0515419 9.9973E-05 0.0414694 0.173271 0.0286968 9.9973E-05 9.9973E-05
0.560086 9.9991E-05 0.0183728 0.00210477 0.284419 0.0614204 0.0071828 0.0663143
0.891574 9.99641E-05 9.99641E-05 9.99641E-05 0.0602371 0.0151412 0.0326481 9.99641E-05
0.728366 0.0210353 9.9991E-05 0.0326688 0.035919 0.0323711 0.0198858 0.129654
0.726734 0.0253326 9.9982E-05 0.0088236 0.0985956 9.9982E-05 0.0430292 0.0972849
0.752233 0.0526477 9.99641E-05 9.99641E-05 0.0380099 9.99641E-05 9.99641E-05 0.156709
0.831687 0.0387001 0.0342232 9.9973E-05 0.0639045 9.9973E-05 0.0311851 9.9973E-05
0.710709 0.0323667 0.0176527 0.000426578 0.123171 0.0908515 0.0208622 0.00396111
0.830673 9.99641E-05 9.99641E-05 0.0333849 0.0682364 9.99641E-05 9.99641E-05 0.0673059
0.757442 9.9973E-05 9.9973E-05 0.0144445 0.138494 9.9973E-05 0.0227041 0.0666153
0.776681 9.9973E-05 0.0210983 0.00638137 0.113416 9.9973E-05 9.9973E-05 0.0821231
9.99641E-05 9.99641E-05 0.00564865 0.950527 9.99641E-05 0.00213837 9.99641E-05 0.0412865
0.742802 0.014284 0.0144594 9.9982E-05 0.143215 9.9982E-05 0.0445805 0.0404599
0.78731 0.0840774 0.00360067 0.0120135 0.0561155 9.9991E-05 0.0423755 0.014408
0.699977 9.9973E-05 9.9973E-05 0.0665379 0.0440973 9.9973E-05 0.0124587 0.176629
0.845622 0.0233026 9.9973E-05 0.0507242 9.9973E-05 9.9973E-05 0.037307 0.0427443
0.767476 9.9973E-05 0.0688006 9.9973E-05 0.106496 0.0229373 0.0339895 9.9973E-05
0.788495 0.0219275 0.0302771 9.9991E-05 0.133406 0.0101588 0.00312105 0.0125137
0.963063 9.9964E-05 9.9964E-05 0.0186853 9.9964E-05 9.9964E-05 0.0112382 0.00661386
0.724808 0.02173 0.0369533 0.0119215 0.103791 9.9991E-05 0.0640252 0.0366716
0.793942 9.99639E-05 9.99639E-05 9.99639E-05 0.0942548 0.0161926 9.99639E-05 0.0952105
0.828985 9.9973E-05 0.00213263 0.0173452 0.0674953 0.0837418 9.9973E-05 9.9973E-05
9.99551E-05 9.99551E-05 0.0164498 0.971059 0.0119913 9.99551E-05 9.99551E-05 9.99551E-05
0.736061 0.0996178 0.0222166 0.0869824 9.9982E-05 9.9982E-05 0.03845 0.0164727
0.978417 0.00653224 0.00718529 9.9964E-05 9.9964E-05 9.9964E-05 9.9964E-05 0.00746578
0.893544 0.0297651 0.0459759 0.00599793 9.9982E-05 0.0130608 0.0114565 9.9982E-05
0.85705 0.127679 9.99552E-05 9.99552E-05 9.99552E-05 9.99552E-05 9.99552E-05 0.0147711
0.979999 9.99462E-05 9.99462E-05 9.99462E-05 9.99462E-05 9.99462E-05 0.0194008 9.99462E-05
0.876206 9.99641E-05 0.0719534 9.99641E-05 0.0126285 9.99641E-05 0.0388125 9.99641E-05
0.941007 0.0404677 9.99641E-05 0.0124079 9.99641E-05 9.99641E-05 0.00571777 9.99641E-05
0.988894 9.99462E-05 9.99462E-05 9.99462E-05 0.0105061 9.99462E-05 9.99462E-05 9.99462E-05
0.839714 0.0406164 9.99641E-05 9.99641E-05 0.109704 9.99641E-05 0.00956578 9.99641E-05
0.950027 9.99552E-05 9.99552E-05 0.0252366 9.99552E-05 9.99552E-05 0.0242363 9.99552E-05
0.879566 9.9964E-05 9.9964E-05 0.0438783 9.9964E-05 0.0204183 0.0557372 9.9964E-05
0.959529 9.99462E-05 9.99462E-05 0.0398713 9.99462E-05 9.99462E-05 9.99462E-05 9.99462E-05
0.869766 9.99552E-05 9.99552E-05 9.99552E-05 0.125772 9.99552E-05 0.00396249 9.99552E-05
0.925415 9.99463E-05 9.99463E-05 9.99463E-05 9.99463E-05 9.99463E-05 9.99463E-05 0.0739852
0.648396 9.9982E-05 9.9982E-05 0.00510366 0.276313 0.0168482 0.00114219 0.0519974
0.764385 9.9982E-05 0.00325335 0.017784 0.161042 9.9982E-05 0.036395 0.0169406
0.768158 9.99551E-05 9.99551E-05 9.99551E-05 0.209653 9.99551E-05 0.0216892 9.99551E-05
0.634313 0.000547697 9.99641E-05 9.99641E-05 0.342896 9.99641E-05 0.0218432 9.99641E-05
0.626416 9.99641E-05 0.0250948 9.99641E-05 0.328957 9.99641E-05 9.99641E-05 0.0191314
0.61385 0.0571323 9.9973E-05 0.0225896 0.297738 9.9973E-05 0.0083895 9.9973E-05
0.625003 9.99731E-05 0.0378916 9.99731E-05 0.319832 9.99731E-05 0.00417709 0.0127972
0.580426 0.139906 9.99835E-05 0.0472631 0.133421 0.018442 0.0803417 9.99835E-05
0.829557 0.0528611 9.9982E-05 0.0257067 0.0798289 0.0114845 0.00036217 9.9982E-05
0.557853 0.106726 0.0206462 9.9991E-05 0.209937 0.0559639 0.0136754 0.0350994
0.839202 9.99641E-05 9.99641E-05 0.00230541 0.152963 9.99641E-05 0.00512996 9.99641E-05
0.863117 0.0126171 0.00282695 0.0135748 0.0678291 0.0398356 9.9982E-05 9.9982E-05
0.788089 0.0416143 9.9973E-05 9.9973E-05 0.0987517 0.0328762 9.9973E-05 0.0383687
0.48777 9.9982E-05 9.9982E-05 0.0338452 0.363531 0.081745 0.0231046 0.00980361
0.542472 9.9982E-05 9.9982E-05 0.0434643 0.275417 0.0089704 0.000709951 0.128767
0.549076 9.99551E-05 9.99551E-05 9.99551E-05 0.424511 9.99551E-05 9.99551E-05 0.0259135
0.636038 9.99551E-05 9.99551E-05 9.99551E-05 0.337527 9.99551E-05 9.99551E-05 0.0259352
9.99461E-05 9.99461E-05 0.0520143 0.947386 9.99461E-05 9.99461E-05 9.99461E-05 9.99461E-05
0.588233 9.99641E-05 0.00658877 9.99641E-05 0.38553 9.99641E-05 0.0192484 9.99641E-05
0.693122 9.99552E-05 0.00343108 9.99552E-05 0.302947 9.99552E-05 9.99552E-05 9.99552E-05
0.576232 9.99641E-05 9.99641E-05 0.0217052 0.366339 0.0353238 9.99641E-05 9.99641E-05
0.679411 0.000923372 9.99731E-05 0.00479119 0.266532 0.0480419 9.99731E-05 9.99731E-05
0.762763 0.00200675 9.99731E-05 0.00567035 0.193623 9.99731E-05 0.0356376 9.99731E-05
0.706868 0.0196002 9.9982E-05 0.0150723 0.21761 9.9982E-05 0.0137843 0.0268652
0.821104 9.99461E-05 9.99461E-05 9.99461E-05 0.178297 9.99461E-05 9.99461E-05 9.99461E-05
0.80075 9.99641E-05 0.0127876 9.99641E-05 0.137584 9.99641E-05 9.99641E-05 0.0484787
0.721479 9.99641E-05 9.99641E-05 0.0171869 0.216215 0.0447195 9.99641E-05 9.99641E-05
0.646498 0.0147501 9.9973E-05 0.0102941 0.219828 0.10833 9.9973E-05 9.9973E-05
0.677058 9.99461E-05 9.99461E-05 9.99461E-05 0.322343 9.99461E-05 9.99461E-05 9.99461E-05
0.715041 9.9973E-05 9.9973E-05 0.00734665 0.249436 0.0245922 0.00328427 9.9973E-05
0.68386 9.9982E-05 0.0529732 0.029648 0.214318 0.00590468 0.0130961 9.9982E-05
0.706226 9.9964E-05 9.9964E-05 9.9964E-05 0.233124 0.0328793 0.0273714 9.9964E-05
0.812859 9.99461E-05 9.99461E-05 9.99461E-05 0.186541 9.99461E-05 9.99461E-05 9.99461E-05
0.781345 9.99462E-05 9.99462E-05 9.99462E-05 0.218055 9.99462E-05 9.99462E-05 9.99462E-05
0.726122 0.0103455 9.99551E-05 9.99551E-05 0.263032 9.99551E-05 9.99551E-05 9.99551E-05
0.761946 9.99641E-05 9.99641E-05 9.99641E-05 0.184854 0.0204825 9.99641E-05 0.0323182
0.757802 0.0128059 9.9982E-05 0.0293988 0.169927 0.00172038 0.0281463 9.9982E-05
0.541437 9.9973E-05 0.00964455 0.0305151 0.408543 0.0095606 9.9973E-05 9.9973E-05
0.710871 0.00332559 9.9955E-05 9.9955E-05 0.285304 9.9955E-05 9.9955E-05 9.9955E-05
0.574013 9.99551E-05 9.99551E-05 9.99551E-05 0.389653 0.0358339 9.99551E-05 9.99551E-05
0.747338 9.9964E-05 0.0149809 9.9964E-05 0.211884 0.0253967 9.9964E-05 9.9964E-05
0.8199 0.00322216 9.9982E-05 0.0279692 0.0671048 9.9982E-05 0.0059221 0.0756818
0.594091 9.99731E-05 9.99731E-05 0.0464428 0.347972 0.00812986 0.00306431 9.99731E-05
0.699386 0.00701018 0.0284146 9.9982E-05 0.223882 0.0327805 0.00832681 9.9982E-05
0.676198 0.0093614 9.9964E-05 0.00160059 0.312441 9.9964E-05 9.9964E-05 9.9964E-05
0.535999 0.00359963 0.0472124 9.9991E-05 0.264805 0.0189695 0.0102233 0.119091
0.0576014 9.9982E-05 0.0930117 0.803045 0.00341772 9.9982E-05 0.0289217 0.0138027
0.0551243 0.142097 0.0761244 0.0169328 0.0142452 0.102911 0.0308998 0.561665
0.086238 0.101449 9.9991E-05 0.0450473 0.0207761 0.0774587 0.0448512 0.624079
0.00266519 0.098765 0.383213 9.9982E-05 0.0383492 0.0196433 9.9982E-05 0.457164
0.00150279 9.99641E-05 0.400465 9.99641E-05 9.99641E-05 0.115637 9.99641E-05 0.481996
9.99731E-05 0.045151 0.309537 9.99731E-05 0.00618112 0.0550844 9.99731E-05 0.583746
